Protocolo -> NEC
ON/OFF -> C160A009 -> 3244335113
Subir_Temp -> C1608005 -> 3244326917
BAjar_Temp -> C1608009

------------

Encendido
	30D0020A
	85963258

----
TV_Samsung
Protocolo = SAMSUNG
ON/OFF -> E0E040BF



RAW_ON/OFF
#define RAW_DATA_LEN 100
uint16_t rawData[RAW_DATA_LEN]={
	8906, 4478, 622, 1666, 598, 1666, 598, 558, 
	598, 578, 598, 554, 598, 554, 598, 554, 
	598, 1694, 598, 554, 602, 1662, 602, 1666, 
	598, 578, 602, 550, 602, 550, 598, 554, 
	602, 578, 598, 1666, 602, 550, 602, 1666, 
	598, 578, 598, 554, 602, 550, 602, 550, 
	602, 578, 598, 554, 598, 554, 598, 554, 
	598, 582, 598, 1666, 598, 554, 602, 550, 
	602, 1690, 598, 554, 598, 554, 598, 554, 
	602, 578, 598, 554, 598, 554, 598, 554, 
	598, 582, 598, 554, 598, 558, 594, 554, 
	598, 582, 598, 554, 598, 554, 598, 554, 
	598, 546, 598, 1000};
Do a cut-and-paste of the following lines into the 
designated location in rawSend.ino

#define RAW_DATA_LEN 100
uint16_t rawData[RAW_DATA_LEN]={
	8854, 4546, 602, 1690, 574, 1690, 574, 550, 
	602, 578, 602, 554, 598, 550, 602, 550, 
	602, 1718, 574, 550, 602, 1690, 574, 1690, 
	578, 578, 598, 554, 598, 554, 598, 554, 
	598, 582, 598, 1690, 574, 554, 598, 1690, 
	578, 578, 598, 554, 598, 554, 602, 550, 
	602, 574, 602, 578, 574, 554, 598, 554, 
	598, 578, 602, 1690, 578, 550, 602, 550, 
	602, 1714, 574, 578, 574, 554, 598, 554, 
	598, 578, 602, 554, 598, 554, 598, 554, 
	598, 582, 598, 554, 598, 554, 598, 554, 
	598, 578, 602, 550, 602, 554, 598, 554, 
	598, 546, 598, 1000};
Do a cut-and-paste of the following lines into the 
designated location in rawSend.ino

#define RAW_DATA_LEN 100
uint16_t rawData[RAW_DATA_LEN]={
	8998, 4498, 598, 1690, 574, 1690, 574, 558, 
	598, 578, 598, 558, 594, 554, 598, 554, 
	602, 1714, 574, 554, 598, 1690, 578, 1686, 
	578, 602, 574, 554, 602, 550, 602, 554, 
	598, 578, 598, 1690, 578, 550, 602, 1686, 
	578, 578, 598, 554, 602, 554, 598, 550, 
	602, 578, 598, 554, 598, 554, 598, 582, 
	574, 578, 598, 1690, 578, 550, 602, 550, 
	602, 1714, 574, 582, 570, 554, 602, 550, 
	602, 578, 598, 554, 598, 578, 574, 554, 
	598, 578, 602, 554, 598, 554, 598, 554, 
	598, 582, 598, 550, 602, 578, 574, 578, 
	574, 570, 574, 1000};
Do a cut-and-paste of the following lines into the 
designated location in rawSend.ino

#define RAW_DATA_LEN 100
uint16_t rawData[RAW_DATA_LEN]={
	8990, 4498, 602, 1690, 574, 1690, 574, 554, 
	602, 578, 598, 554, 598, 554, 598, 554, 
	598, 1718, 574, 550, 602, 1690, 578, 1686, 
	578, 582, 594, 554, 602, 554, 598, 554, 
	598, 602, 574, 1690, 578, 574, 578, 1690, 
	574, 602, 578, 574, 578, 578, 574, 578, 
	578, 598, 606, 546, 606, 550, 602, 550, 
	578, 598, 578, 1690, 614, 538, 586, 566, 
	562, 1726, 634, 522, 630, 522, 630, 522, 
	630, 550, 626, 526, 626, 526, 626, 526, 
	626, 554, 626, 522, 630, 526, 626, 526, 
	626, 550, 630, 522, 630, 526, 626, 526, 
	626, 514, 630, 1000};
